 

( 僅經核辣,未依審計準則查核)

營業活動之現金流量:
稅前淨利
調整項目:
收益費損項目

折舊費用

攤銷費用

預期信用減損損失一債務工具投資

財務成本

採用權益法認列之關聯企業損益份額
利息收入

股份基礎給付酬勞成本

處分及報廢不動產、廠房及設備淨損

處分及報廢無形資產淨益

不動產、廠房及設備減損損失

透過損益按公允價值衡量之金融工具淨利益
處分透過其他綜合損益按公允價值衡量之債
務工具投資淨損失

Sb ME RAR TAA ( B)

股利收入

#  他

與營業活動相關之資產/負債淨變動數

透過損益按公多價值衡量之金融工具
應收飄據及帳款淨額
應收關係人款項

其他應收關係人款項

存 貨

其他金融資產

其他流動資產

應付帳款

應付關係人款項

應付薪資及獎金

應付員工酬勞及董事酬勞
應付費用及其他流動負債
其他非流動負債

淨確定福利負債

營運產生之現金
支付所得稅

營業活動之淨現金流入

(HRA)

1124118
至3月31日

$ 244,274,931

108,083,376
2,239,265
6,164
2,963,686
(           1,038,817 )
(13,617,818 )
100,772
114,442
(                      769)

(              23.522 )

135,693
(          1,319,013)
(            72,021)
85,997

633,098
82,040,768
1,251,404

(               7,633 )
5,081,167
813,274

3,559,651 )

8,577,523 )

562,873 )

11,916,528 )
12,409,938

42,056,749 )
9,168,965

(            718,789 )
385,931,234

(              686,489 )
385,244,745

 

 

 

單位:新台幣仟元

111年1月1日
至3月31日

$ 226,831,696

108,934,265
2,167,798
11,768
2,140,766
(         1,725,490 )
(         1,673,879 )
27,453
48,257
790,740

140,778

2,074,789
(      75)
(            258,328 )

918,808

(15,260,809)
134,314
3,366

(         7,016,361 )
1,229,128

(         1,132,181 )
1,367,580
13,710

2,724,989 )
12,241,793
5,607,202
40,423,182

(         2,503,589 )
372,811,692

(              642,004 )
372,169,688

 

 

 
(承前頁)

投資活動之現金流量:

取得透過損益按公允價值衡量之金融資產

取得透過其他綜合損益按公允價值衡量之金融資
產

取得按攤銷後成本衡量之金融資產

處分透過其他綜合損益按公允價值衡量之金融資
產價款

按攤銷後成本衡量之金融資產領回

透過其他綜合損益按公允價值衡量之權益工具投
次成本收回

除列避險之金融工具

收取之利息

收取政府補助款一不動產、廠房及設備

收取政府補助款一其他

收取其他股利

取得不動產、廠房及設備

取得無形資產

處分不動產、廠房及設備價款

處分無形資產價款

預付租賃款增加

存出保證金增加

存出保證金減少
投資活動之淨現金流出

籌資活動之現金流量:
短期借款增加
發行公司債
償還公司債
舉借長期借款
償還長期銀行借款
支付公司債發行成本
買回庫藏股林
租賃本金償還
支付利息
收取存入保證金
存入保證金返還
支付現金股利
非控制權益增加

籌吹活動之淨現金流出

匯率變動對現金及約當現金之影響
本期現金及約當現金淨增加數

期初現金及約當現金餘額

期末現金及約當現金餘額

 

112年1月1日
至3月31日

($        121,692)

(13,849,515)
(20,921,355 )

8,752,678
42,297,509

122
20,623
12,281,197
1,766,902
1,130
62,648
(302,498,628 )
(            285,784)
73,607
769
(              20,565 )
(              12,726 )

221,285

(__272,231,795 )

 

 

 

 

19,300,000

(12,000,000 )
2,450,000

(            329,444 )

(              20,274)

(            709,158 )

(          1,871,200 )
128,666

(            131,062)

(71,308,546 )
3,988

(___ 64,487,030 )

(___ 6,107,193 )
42,418,727
1,342,814,083

2.81

會計主管:

111年1月1日
至3月31日

$        -

(37,834,407)
(18,155,340)

29,254,025

536,873
1,526,825

64,544

3,085

75
(262,134,719)
(     583,003 )
609,153

(           1,670,390 )

309,488

(__288,073,791 )

30,529,474

19,600,000

(              21,200)

(            871,566 )

(            523,177)

(         1,103,792 )
8,502

(   1,648 )

(71,308,546 )
4,605,765

(___ 19,086,188 )

21,589,745

 

86,599,454

1,064,990,192

 

$1,151,589,646

 
