 

 

 

 

 

 

 

二0年一月一日
至九月三十日

 

 

營業活動之現金流量:

本期稅前淨利
調整項目:
折舊費用
攤銷費用
預期信用減損損失(利益)數
透過損益按公多價值衡量之金融資產及負債淨損失(利益)
利息費用
利息收入
股利收入

 

採用權益法認列之關聯企業及合資損失(利益) 之份額
處分不動產、廠房及設備利益
處分投資損失
買回應付公司債損失
金融資產及負債兌換損失(利益)
租約修改利益
遞延政府補助攤銷

收益費損項目合計
與營業相關之資產/負債變動數:

透過損益按公多價值衡量之金融資產及負債

合約資產

其他應收款

存貨

預付款項

其他流動資產

履行合約成本

合約負債

應付票據及帳款

其他應付款

其他流動負債

淨確定福利負債

其他非流動負債-其他
營運產生之現金流入

收取之利息

收取之股利

支付之利息

支付之所得稅

營業活動之淨現金流入

接下頁

 

81,571, 096

31,536, 365
2, 155, 939
2, 388

896, 807

1, 368, 930
(1,022, 139)
(2, 134, 827)
1, 116, 887
3, 557, 052
(441, 140)
182, 915
3,034, 111
(1, 366)

(3, 183, 725)
37, 068, 197

(310, 252)
(64, 648)
(9, 001, 918)
(602, 475)
(6, 576, 121)
(3, 048, 362)
(57, 220)
(56, 070)
526, 918
1,559, 946
4,641, 822
77,522
(695, 221)
(12, 213)

105, 021, 001
916, 082
4,119, 483
(818, 724)

(4, 333, 087)
104, 904, 755

 

 

43, 629,

33, 109,
2, 148,
(8,

(2, 987,
1,371,
(421,
(1, 359,
1, 360,
(6, 003,
,
10,

(140,

(3, 027,
23, 978,

353,

(7,

(6, 259,
(92,
(951,
103,

1,

(239,
1,352,
549,

1, 487,
(100,
(464,
46,

63, 387,
367,

2, 368,
(879,
(1,715,
63,529,

300

592)
438)
973

907
857
686)
121)
695

 

 
