月三十一日
未依審計準則查核)

 

 

 

 

 

 

 

 

 

 

 

 

 

 

 

 

年三月三十一日         一一一年十二月               一一一年三月三十一日
代碼                                     次              產                                                                                                 學              金         額              %              金         額              學
流動資產
1100       現金及約當現金                                                    六.1                        9       139,696,362            23 | $       147,502,155            a4 | s       230,432,898            32
1110    透過損益按公允價值衡量之金融資產一流動                六.2                      5,402,085         1         8,541,857         1         10,567,214        1
1120    透過其他綜合損益按公允價值衡量之金融資產一流動          RB                      4,315,653         1         3,169,019         -         4,590,258         1
1136    按攤鋪後成本衡量之金融資產一流動                    KA                      5,296,224,        1         5,596,485         1         4,303,160        1
1150    應收票據淨額                                   六.22                       46,585         -            2,811         -          109,451         -
1170        應收帳款淨額                                                             六.5及六.22                            46,224,285               8               40,804,936               7               64,479,257               9
1180    應收帳款一關係人淨額                             六.5、六.22及七                39,871         -           34,593         -           89,545         -
1197    應收融資租賃款淨額                              六.22及六.23                 181,973         -              -         _              -         -
1200       其他應收款                                                         六.6及七                             14,972,019             2             15,823,997             3              6,109,995             1
1220    AMAR EA                                四及六.30                  183,920        -          133,072        -          155,296        -
130x       存貨淨額                                                           wT                                 69,264,769            1             70,703,336            12             89,376,605            13
1410                                                                           六.8及九                             4,708,686             1               4,138,284             1               5,755,839             1
1470        其         we                                                                                                             1,126,279                -                 1,203,062                -                 1,905,331                -
Lx             流動資產合計                                                                                                                           291,458,711                 8                 297,653,607                 9                 417,874,849                 39
非流動資產

1510    透過損益按公允價值衡量之金融資產一非流動              六.2                      6,326,850        1         6,624,993,         1         4,463,126        1
1517    透過其他綜合損益按公允價值衡量之金融資產一非流動        RB                     74,814,438        12        73,801,249        12        50,712,574        7
1535    按攤鋪後成本衡量之金融資產一非流動                   六.4及八                  32,506,349        5        25,264,394        4         12,342,407        2
1550       採用權益?       3                                                   六29                                 17,578,361             3             17,798,462             3             46,221,382             7
1600    不動產、廠房及設備                             六.10                   53,692.785        9        53,861,629        9        51,544,475        7
1755         ARAL HE                                                                         六.23                                          8,910,703                 2                  8,927,750                 2                  3,767,792,                 1
1760    投資性不動產淨額                                六.11                     1,986,995         -         2,086,194         -         1,625,118         -
1780       無形資產                                                                六.12及六.13                          78,374,911              13              73,454,530             12              73,953,131             10
1840       HER ERE A                                                     四及六.30                           12,047,870             2             11,511,991             2              8,837,076             1
1920       存出保證金                                                         九                                    6,667.641              1               7,316,102             1              9,478,823             1
194D    長期應收融資租賃款淨額                           六.22及六.23                1,273,811         -         1,455,784         -         1,455,784         -
1975     淨確定福利資產一非流動                                                      15,395         -           15,852         -               -         -
1995         其他非流動資產一                                                                   九                                              26.730.575                  4                  28,626,337,                  5                  26,407,290.                 4
15x         HR RAS                                                                                      320,926,684            52            310,745,867            31            290,808,978            41
lxxx | a                                                                                                          $        612,385,395             100_} 3        608,399,474             100_| _S.        708,683,827             100

 

 

 

 

 

 

 

 

 

 

 

 

fren wa tg

                                                                                                                                                                                                                                                                 

 
