 

 

 

  
  

 

   

單位: 新台幣千元
110 年3月31日(經核閱)
R _%

15,973,354       2
6,527,340         1
5,760,261         1
1,413,748        -
10,058,154          2
1,485,512        -

65,326         -
13,076,071        2
175,344         -
1,709,664        -
665,830         -
87,854,466 14
142,688         -
8,589,501         1
3,860,345 1

157,357,604 24

 

 

 

 

 

  
 

 

 

 

 

 

 

 

                                                                          

                                        

代 碼
流動資產
1100        現金及約當現金(
1110       透過損益按公允價值衡量之金融資產一流
1120       透過其他色 Sa BAR 公允價值衡量之金融
1139       避險之金融資產一流動
1140       合約資產一流
1150        lc aR Cae +)
1160         收栗據一關係人(附註十及三十)
1170         BURA TESA (    +)
1180       應收帳款一關係人(附註十及三十)
1200        其他應收款(      十)
1220        本期所得稅資產
130X       存貨(    十一)
1460        待出售非流動資產
1476        其他金融資產一流動(附註十三及三十一
1479        其他流動資產
XX          流動資產合計
非流動資產
1510       透過損益按公允價值衡量之金融資產一非流動(
1517       透過其他綜合損益按公允價值衡量之金融資產一非流動( 附註八)
1535       按攤銷後成本衡量之金融資產一非流動
1538     避險之金融資產一非流動(附註九)
1550     採用權益法之投資(附註十
1600                     備(附
1755
1760       投資性不動產(
1780        無形資產
1840       遞延所得  得稅資產
1920       存出保證金
1980        其他金融資產一非流動 (附註十三及三十一)
1995        其他非流動資產
15XX          非流動資產合計
IXXX 。” 資產總計
代碼 8       fe       及       權       益
流動負債
2100        短期借款及銀行透支(附註十七及三十一)
2110           短期栗券(附註十七)
2120         過損益按公允價值衡量之金融負債一流動(附註七)
2126       避險之金融負債一流動(附註九)
2130       合約負債一流動(    二十四)
2150            zs
2170            帳款(    十九)
2180     pete RS Cae teks +)
2200
2230
2250
2280
2321                          H
2322      一年內到期銀行  aa (附註十七及三十一)
2365        退款負債一流動
2399              其他流動負債
21XX          流動負債合計
非流動負債
2511        避險之金融負債一非流動 (附註九)
2527         合約負債一非流動(附註二十四)
2530     應付公司債(   +A)
2541        銀行長期借款(    十蕊及三十一)
2542        長期應付栗券(附註十七)
2550     負債準備 非流動 (附註二十一)
2570       遞延所得稅負債
2580        租賃負債一非流動(附註十五)
2640                 淨確定福利負債
2670              其他非流動負債
25XX           非流動負債合計
2XXX       負債合計
歸屬於本公司業主之權益 ( 附註二十三)
股本
3110          普通股
3120          特別股
3100              股本合計
3200        RADA
保留盈餘
3310           RR BARD AR
3320           特別盈餘公積
3350           未分配盈餘
3300              保留盈餘合計
3400        其他權益
3500       庫藏股飄
31XX           本公司業主之權益合計

36XX ” 非控制權益
3XXX          權益合計

3X2X ” 負債及權益總計

4 Mt Mt

總經理:

MBA:

 

 

 

 

 

 

 

 

 

 

 

 

 

 

 

   

 

 

 

909,834        -                      921,949        -                       955,449        -
55,187,741        8                   53,673,631        8                    55,103,064       9
-        -                              -        -                         3,910        -
643,761        -                           224        -                         2,965        -
13,942,802       2                   13,419,640       2                    13,791,044       2
372,083,606      54                  370,663,701      55                   381,158,225      60
12,511,532       2                   12,488,317       2                    12,961,987       2
9,420,234        1                    9,438,554        1                     9,499,949       2
1,440,172        -                     1,478,279        -                     1,613,591        -
8,741,341        1                     8,881,613        1                     8,649,333        1
1,216,758     -            1,104,101     -             752,516     -
3,055,050        -                    3,012,629        -                     3,084,549        -
3,028,470        -                    2,896,983        -                     3,029,371        -
482,181,301      68                  477,979,621      69.                  490,605,953      76
705,374,176     100     S$           687,994,969     100                  647,963,557     100
28,000,336       4 5             33,061,226       5                    26,736,162       4
20,129,146       3                   15,836,410       2                    38,184,519       6
3,452                                      -        -                         3,529        -
1,304,168        -                     1,283,279        -                     1,717,676        -
6,418,047        1                     5,385,147        1                     5,867,494        1
1,589,306        -                     1,570,913        -                     1,352,405        -
25,206,210       4                   22,235,715       3                    18,889,831        3
383,019        -                      175,204        -                       324,572        -
28,101,654       4                   34,065,602       5                    20,770,276       3
15,761,097       2                   13,331,213       2                     2,790,820        1
7,592,565        1                    6,831,852        1                     7,324,660        1
1,063,603        -                      963,887        -                       898,671        -
20,974,117         3                       17,474,085         3                        13,949,621         2
4,894,876        1                    4,647,406        1                     2,341,142        -
3,846,982        1                     3,698,912        1                     2,976,338        1
1,677,168        -                     1,369,894        -                     1,470,157        -
166,945,746      24                  161,930,745      24                   145,597,873      22
2,219        -                      139,082        -                       317,873        -
72,086        -                       72,086        -                              -        -
58,839,370       8                   62,336,121        9                    79,800,013      12
25,068,019       4                   26,442,943       4                    32,819,535       5
15,266,059       2                   14,392,922       2                    17,904,104       3
1,094,330        -                     1,074,359        -                     1,051,298        -
14,818,096       2                   14,583,004       2                    14,256,137       2
10,011,406        1                   10,112,044        1                    10,288,005       2
8,219,240        1                     8,761,472        1                     9,195,284       2
1,214,195     -            1,195,171     -            1,176,811     -
134,605,020      18                  139,109,204      19                   166,809,060      26
301,550,766      42                  301,039,949      4B                   312,406,933      48
157,348,610      22                  157,348,610      23                   157,348,610      24
382,680        =                      382,680        =                       382,680        =
157,731,290      22                  157,731,290      23                   157,731,290      24
39,279,107       6                   39,238,636       6                    39,118,537       6
66,611,343       9                   66,611,343       10                    66,532,412      10
27,639,359       4                   27,639,574       4                    27,912,065       4
81,780,204      12                   70,863,295       10                    23,127,261        4
176,030,906       25                     165,114,212       24                      117,571,738        18
(1,373,386)        =                  (4,405,952) (0                   (2,789,859)        =
(8,649,421) (1)                  (8,649,421) (1)                   (8,660,662) (1)
363,018,496      52                  349,028,765      51                   302,971,044      47
40,804,914       6                   37,926,255       6                    32,585,580       5
403,823,410      58                  386,955,020      57                  335,556,624      52
705,374,176 100 $           687,994,969 100                  647,963,557 __100
台
i務報告之一部分。            字
財務副總經理:           eae

 
