 

 

 

 

 

 

 

 

 

  
 

                                                                                                                                                                                                                                             

一二0年~月~日至三
代碼                   項       目                                                                                      金 額            %
4000 |蓉業收入                                                       六.20及七                             $ 63,422,820 | 10000 | $ 47,097,012 | 100.00
5000 |營業成本                        AS, AiO, AIS, 六19,
六20、六21及七                          (35,918,490) | (56.63)             (34,602,710)        (73.47)
5950 |營業毛利                                                                                                 27,504,330         43.37              12,494,302         26.53
營業費用                                RA AAO. AS. AA
六21及七
6100 | 推銷費用                                                                         (1,254,548)       (1.98)          (1,089,397)       (231)
6200 | 管理費用                                                                         (2,226,939)       (351)          (1,806,266)       (3.84)
6300 | 研究發展費用                                                                                                (3,032,939)          (4.78)              (3,048,992)          (6.47)
6450 | 預期信用減損利益                                                                                                   945           000                     12,452           0.02
6000 | 營業費用                                                       (6.513.481) | (4027)        (5.932.203) | (4260)
6500 |其他收益及費損淨額                                        六16及六.22                                                            212                1,059,648            225
6900 |營業利益                                                                                               22,334,187         35.22               7,621,747          1618
營業外收入及支出
7100 | 利息收入                                                                           168,970        027              116,443,        025
7010 | 其他收入                                                                            16,630        0.03               14,106        0.03
7020 | 其他利益及損失                                           六23                                            2,564,170           4.04                 1,776,997            377
7050 | 財務成本                                                    六23                                             (503,890)          (0.80)                 (406,249)          (0.86)
7060 | 採用權益法認列之關聯企業及合資損益之份額|六6                                             (1,858,432)          (2.93)                1,766,569            3.75
7230 | 外幣兌換利益                                                                       926,239         1.46              93,456        0.20
7000 | 營業外收入及支出合計                                                                                   1,313,687            2.07                3,361,322            7.14
7900 |稅前淨利                                                                                                        23,647,874          37.29               10,983,069          23:32
7950 |所得稅費用                                                    六25                                            (3,582,251)          (5.65)               (1,094,171)          (232)
8200 |本期淨利                                                                          20,065,623       31.64           9.888,898       2100
其他綜合損益                                   六.24
不重分類至損益之項目
8316 | 透過其他綜合損益按公允價值衡量之                                                                   (1,666,445)          (263)               4,176,385           887
權益工具投資未實現評價損益
8320 | 採用權益法認列之關聯企業及合資之其他綜合                                         (733,160)        (115)             875,739         1.86
損益之份額-不重分類至損益之項目
8349 | 與不重分類之項目相關之所得稅                       六25                                                (55,120)          (0.09)                  (33,302)          (0.07)
後續可能重分類至損益之項目
8361 | 國外營運機構財務報表換算之兌換差額                                              3,773,432        595           (1,456,238)       (3.10)
8370 | 採用權益法認列之關聯企業及合資之其他綜合                                          133,067         021               (5.576)       (0.01)
損益之份額-可能重分類至損益之項目
8399 | 與可能重分類之項目相關之所得稅              六.25                                  (29,890)       (0.05)
8300 |本期其他綜合損益(淨額)                                                1,421,884      224
8500 |本期綜合損益總額
淨利(損)歸屬於:
8610 | 母公司業主                                                              $ 19,807,535       3123 | $ 10,427,915       22.14
8620 | 非控制權益                                                                                                   258,088            041                  (539,017)           (1.14)
165,623         31.64             9.888,898         21,00
綜合損益總額歸屬於:
8710 | 母公司業主                                                                                       $ 21,229,387          3347 | $ 13,983,907          29.69
8720 | 非控制權益                                                                       258,120        041             (539,019)        (1.14)
$ 21487.507       3388 | $ 13,444,888       28.55
每股盈餘                                       六.26
9750 | 基本每股盈餘
9850 | 稀釋每股盈餘

  

 

 

 

 

 

 

 

 

(請參閱合併財務報告附註)

董事長:洪嘉聰     2!                 MBA: BUR EG       出出     fi         會計主管:劉啟東
eel           iste

 
