 

營業活動之現金流量
本期稅前淨利
調整項目
收益費損項目
折舊費用

攤銷費用
利息收入
股利收入
透過損益按公允價值衡量之金融資產及負
債之淨利益
利息費用
採用權益法認列之關聯企業(益)損之份額
不動產、廠房及設備減損迴轉利益
處分不動產、廠房及設備損失
與營業活動相關之資產/負債變動數
與營業活動相關之資產之淨變動
應收票據
應收票據-關係人
應收帳款
應收帳款-關係人
其他應收款
存貨
其他流動資產
與營業活動相關之負債之淨變動
應付飄據
應付帳款
應付帳款-關係人
其他應付款
其他流動負債
淨確定福利負債
營運產生之現金流入
收取之利息
支付之利息
支付之所得稅
收取之股利
營業活動之淨現金流入

 

單位:新台幣仟元

 

六(八)(九)
(二十四)
十四)

+

 

六(二十)
六(二十一)
六(二十二)

 

(& & A)

~12-

$

7,873,500

9,940,891

2,956,284
652,318 )

4,938,169 )

208,168 )

214,490

521,525 )
86,002 )
58,473

an

911,843 )
14,295 )
717,801
525,882 )
647,604
,837,536
,459,883 )

we vw

7,944 )
407,170
719,445 )
228,415 )
099,587 )
339,493 )
940,780
567,940
241,519 )
, 130,908 )
8,033,692

~ 一一一一

一

13,169,985

(

(

(

(

(

(

(
(

(

(
(

$18,431,352

10,369,957
2,816,069

427,110 )
10,448,254 )

232,171 )
1,125,444
5,245,513 )

75,333

1,527,573
2,557)
2,493 , 368
892,167
1,069,435 )
6,503,046 )
1,430,451

72,303 )
2,456 ,667
2,740,237 )
1,696,152 )

409,229

358,152 )
13,232,680

303,775
1,168,547 )
6,087,008 )

19,808,214

26,089,114
 

 

投資活動之現金流量
其他應收款-關係人減少(增加)
取得透過其他綜合損益按公允價值衡量之金融
資產
處分透過損益按公允價值衡量之金融資產價款
透過其他綜合損益按公允價值衡量之金融資產
減資退回股款
處分透過其他綜合損益按公允價值衡量之金融
BANK
取得按攤銷後成本衡量之金融資產
取得採用權益法之投資價款
取得子公司股權淨現金流入                  六(二十八)
處分子公司價款
取得不動產、廠房及設備                    六(二十九)
處分不動產、廠房及設備價款
取得無形資產
其他非流動資產增加
投資活動之淨現金流出
籌資活動之現金流量
短期借款增加
應付短期飄券增加(減少)
其他應付款-關係人減少
償還公司債
舉借長期借款
償還長期借款
租賃本金償還
其他非流動負債減少
支付現金股利                              六(二十九)
支付現金股利-非控制權益
支付已轉列資本公積之現金股利
籌資活動之淨現金(流出)流入
匯率影響數
本期現金及約當現金(減少)增加數
期初現金及約當現金餘額
期末現金及約當現金餘額

後附合併財務報表附註為本合併財務報告之一部

經理人:咯文進

 

~13~

(

(

 

29,124,299

1,740,713 ($

25,560 )
302,743

6,848

808
277,094
1,549,625) (

16,306,183.) (
136,367
6,192 )
1,020,277) (

16,443,264 ) (

7,324,842
7,644,730 )
55,396
4,850,000 ) (

29,405,501
17,696,130) (
129,936) (
28,890) (
5,585,683) (
2,080,277) (
1,726) (

1,231,633 )

626,340

3,878,572 )

33,002,871

請併同參閱。

1,082,434 )

2,422,330

4,250

4,226,699
1,054,826 )
16,563
1,000
17,417,606 )
30,195

3,204,484 )

16,058,313 )

24,266,160
9,636,947
960,233
2,500,000 )
18,496,289
11,152,000 )
132,569 )
5,688 )
28,129,453 )
2,775,079 )
536)

8,664,304

2,6
21,367,482
23,062,097

 

5           44,429 579

THES! HALE  Pee
vi
