單位:新台幣任元

 

 

 

 

 

 

 

 

 

it           產                                                                    金            額
流動資產
1100      現金及約當現金           六(一)         $ 104,435,869     16 $     96,986,253     18 $     94,298,795     17
1110      透過損益按公允價值衡量之。 六(二)
金融資產一流動                               10,596,111      2          7,149,196      1          7,984,704      2
1136      按攤銷後成本衡量之金融資“六(三)
產一流動                                    14,870,872      2         16,814,909      3         14,649,859      3
1150      EARP B             六(四)及十二          1,538,988      -          1,885,249      -          2,090,051      :
1160      應收果據一關係人淨額      +                           -      :               247      :               247      :
1170      應收帳款淨額             六(四)及十二         21,330,041      3         18,659,495      3         19,161,546      4
1180      應收帳款一關係人淨額      +                     991,077      :          1,370,800      -          1,493,490      :
1200      其他應收款               六(五)(十一)
及十二                9,467,342      1          5,711,991      1          6,759,672      1
1220      AMMAR RA          六(三十三)             147,329     :          177,976     -           124,105     :
130X      ae                    六(六)(十)           52,702,066      8         52,932,399     10         45, 103,526      8
1410      預付款項                                     5,713,499      1          5,155,852      1          5,112,927      1
1470      Stet A             六(一)及八            3,562,290      1          3,238,750      1          3,355,727      1
IN        流動資產合計                                            34        210,083,117 38        200,134,649 37
非流動資產
1510      透過損益按公允價值衡量之。 六(二)
金融資產一非流                                6,912,665      1          6,458,689      1          8,397,653      1
1517     IR OA BRA AM ACA)
值衡量之金融資產一非流動                       5,118,204      1          4,853,589      1          4,346,952      1
1535      按攤銷後成本衡量之金融資
產一非流動                                  27,306,724      4         17,842,162      3         23,023,393      4
1550      採用權益法之投資         六(九)及八           27,485,734      4         32,655,836      6         32,532,111      6
1600      不動產、廠房及設備       六(十)(十五)
、七及八           153,770,549 23       125,862,298 23       123,544,246 23
1755      AAR A               六(十一)及十         123,412,183     19        96,959,612     18         96 392,346     18
1760      投資性不動產淨額         六(十三)
(十五)及八           26,188,721      4         22,918,094      4         21,237,241      4
1780      BURA                 ACHR         47,398,401      7         16,680,832      3         16,552,939      3
1840      LEREREA           六(三十三)            8,239,781      1          5,997,994      1          6,878,805      1
1915      預付設備款               +                   1,365,459      -          1,188,792      :          1,387,406      :
1920      存出保證金               入                   5,431,721      1          3,795,154      1          3,687,310      1
1990      其他非流動資產一其他      六(一)
(二十一)、瑟
及八                 6,948,357      1          6,103,745      1          6,068,629      1
15XX        非流動資產合計                            439,578,499 __ 66        341,316,797 92        344,049,031     63
IXXX      RA Mit                              $64,933,983 _ 100 $ 551,399,914 100 $ 544,183,680 __ 100

 

 

(& & RB)
 

單位: 新台幣任元

 

 

 

 

 

 

 

 

 

 

 

 

 

 

 

 

 

                                     a lll 年 9 月 30 日
負債及權益            附註     金                     多    金           額
流動負全
2100     短期借款               六(十六)及人 §     46,546,415     7 $     33,263,107     6 $     43,092,029     8
2110     應付短期票券            六(十七)及八         18,525,026     3         7,371,738      1         6,673,457     1
2120 透過損益按公抑價值衡量之。六(二)
金融負債一流動                                1,271      -              592     -               -      -
2130     合約負債一流動          六(二十六)          14,739,217     2        15,039,314     3        10,629,965     2
2150       BEER                                          2,274,375       -           2,129,827       -           1,288,170       -
2160     At RAR — MRA         +                    45,026     -           61,015     -           33,050     -
2170     應付帳款                                 64,181,826     10        44,262,498     8        43,119,342     8
2180     應付帳款一關係人         +                  1,192,872     -          755,573     -          785,495     -
2200      其他應付款             ACHA)            63,465,862     9        55,678,951     10        §2,215,078     10
2230      本期所得稅負債          六(三十三)           4,421,913      1         3,607,566      1         3,537,754     1
2280     租賃負債一流動          +                 17,633,789     3        13,947,787     3        13,546,582     3
2310      預收款項                                   643,095     -          711,376     -          557,648,     -
23200 一年或一營業週期內到期長“六(十九)
期負債                 (二十)及八           7,524,437      1         7,030,050      1         6,910,977     1
2399     其他流動負債一其他                         4,   463      1         4,270,188      1         4,373,831      1
21XX       流動負債合計                            5.     87     37       188,129,582     34       186,763,378     35
非流動負全
2527     合約負債一非流動         六(二十六             626,291      -          594,175     -          673,981      -
2530     應付公司債             六(十九)            51,550,000     8        45,150,000     8        45,150,000     8
2540      長期借款               六(二十)及八        28,212,891     4        23,006,540     4        20,008 ,539     4
2570     遞延所得稅負債          六(三十三)          28,706,616     4        15,336,960     3        15,363,941      3
2580     租賃負債一非流動         +                 98,930,255     15        74,554,152     14        73,693 607     14
2640      淨確定福利負債一非流動    六(二十一)               ,652      1         4,521,352      1         6,803,488     1
2645     存入保證金                                     627      1         6,741,365      1         6,893,400     1
2670       其他非流動負債一其他                                    262       :           1,170,834       -           1,594,513       -
25XX       非流動負債合計                               ,594     33       171,075,378     31       170,181,469     31
2XXX       負債總計                                    ,181     70       359,204,960     65       356,944,847     66
歸屬於母公司業主之權益
股本
3110      普通股股本                               56,820,154     8        56,820,154     10        56,820,154     11
RAO
3200      資本公積
2,830,948     -         2,730,532      1         2,767,648     -
8 Bt
3310     ER BRO積                              30,273,199     5        28,406 .550     5        28,406 ,550     5
3320     A BRO積                              4,303,920      1        10,199,821     2        10,200,014     2
3350      未分配盈餘                               34,707,022     5        31,744,946     6        27,761,561      5
其他權益
3400      其他權益                 六(二十五)    ¢        2,164,314)     - ¢        4,198 924) (    DC        3,392,095) (    1)
BIXX       SRREDAEEZME
合計                                 126,770,929     19       125,703,079     23       122,563,832     22
36XX    非控制權益               四(三)及六
(三十五)            69,880,873     ul        66,491 875     12        64,675,001     12
3XXX       權益總計                              196,651,802     30       192,194,954     35       187,238,833     34
重大或有負債及未認列之合約“六(十一)
Aas          (十=)、+及
九
3X2X      負債及權益總計                      $    664,933,983    100 $    551,399,914    100 $    544,183,680    100
後附合併財務報表附註為本合併財務報告之一部分,請併同參閱。
ui                                       VP
EER: BWR                      經理人:黃釗凱 李清四      @   GIP] cree een ei
v>

~T~
