 

 

 

 

 

 

  

  

 

 

 

 

 

 

 

 

 

 

 

 

 

 

 

 

 

 

 

 

 

 

 

 

 

 

 

 

 

 

 

 

 

 

 

 

 

 

 

 

 

 

 

 

 

 

 

 

 

 

代碼        8   B
7X. 20 + 26.21 +75 20臣     (36, 607,915)    (64.15)    (39, 727, 658)    (52.70)    (107, 637, 178)    (64. 23)    (114, 229, 11),    (54.17)
營業費用        四、六5六,10、六,15、
人00 | 推銷費用                (735, 301)  (1.29)  (1,060, 571)  (1.41)  (2,401,919)  (1.44)  (3, 230, 229)  (1.53)
6200 管理費用               (1, 729, 613)  (3.03)  (2, 427, 887)  (3.22)  (5, 546, 533)  (3.31)  (7, 234, 202)  (3.43)
6450, 預期信用減損利益(損失)             (1,490)  (0.00)   (650)  (0.00)  67,331  0.04   (2,388)  (0.00)
6000, 營業費用合計              (5, 721, 699) (10, 02)  (6, 793, 579)  (3.01) (17, 220, 388) (10, 28) (20,013, 588)  (9.49)
6500 |其他收益及邁損淨額           四、六, 16及六.23       572, 641    1.00   1, 286, 907   Lv    2, 750, 179   1.64   4,028, 600   1.91
了00 | 利息收入               1,042, 421  1.83,  567, 459  0.75  3, 560, 433,  212  1,022, 139  0.48
7010, 其他收入               1,085, 610  1.90  1, 927, 245,  2.56  1, 731, 597  1.03  2, 134, 827  1.01
7020 | 其他利益及損失              (180, 905)  (0.32)  (1, 476, 153)  (1.96)  276, 553  O17  (830, 069)  (0.39)
7230, SUM SARTRE               324, 188.  0.57  1, 292, 810  Lv  883, 815  0.53,  3, 579, 599  1.70
7900 |視前淨利                               18, 648, 400   32.68,   32, 345, 708   42.90   56, 262, 347   33.57   81, 571,096   38.68,
7950 |所得稅費用                           (2, 682, 608)   (4.70)   (5, 003, 346)   (6.63)   (8,015, 335)   (4.78)  (12, 672, 667)   6.01)
8$200 |本期淨利                               15, 965, 792   27.98   27, 342, 362   36.27   48, 247,012   28.79,   68, 898, 429   32.67
Pee RE       7%. 25,
AE 2B
8316 透過其他綜合損益按公多價值衡量之         1,021,042  179  (2, 346, 582) Gi)  3, 845, 668  2.29  (7,041, 947) (3.34)
權益工具投資未實現評價損益
8320 | 採用權益法認列之關聯企業及合資之其他綜合         30, 976.  0.05,  (905, 389)  (1.20)  1,503, 358  0.90,  (3, 558, 905)  (1.69)
RET ES A
8349 | 與不重分類之項目相關之所得稅           47, 493,  0.08  (29, 445)  (0.04)  42,428  0.03,  (190, 740)  (0.09)
後績可能重分類至損益之項目
8361     國外營運機構財務報表換算之兌換差額                                             5, 854, 132        10. 26         7,622, 357        10.11         4,349, 130         2.60        12, 755, 060         6.05,
8370 | 採用權益法認列之關聯企業及合資之其他綜合         248, 501  0.43,   54,033,  0.07   169, 593  0.10   166, 724  0.08
REZ PR -TE HAEaS 2AB
8309 | 與可能重分類之項目相關之所得稅          (64,067)  @.1)  (59, 455)  (0.08)  315, 186  0.19  (122, 002)  (0.06)
8$300 |本期其他綜合損益((淨額)                         7,138,077         4, 335,519    5.75   10, 225, 363    6    2,008, 190.    0.95.
(8500 [AMS RERER                          $ 23, 103, 869        $ 31,677, 881   42.02  $ 58,472, 375   34, 89  $ 70,906,619   33.62
淨利(損)歸屬於
|綜合損益總額歸屬於:
每股盈餘
9750, 基本每股盈餘             $  1,29    $  2419    $  3,87    $  5.54
9850 | ARARSGRUREE              $  1.27    $  2.14    $  3.79    $  5.38
=I          請參閣合併財務報告                  36:
==                                 faze
經理人 :簡山傑、王石                           會計主管:劉啟東|

BER ER   ae |

 

Sail

 
