 

   

營業活動之現金流量:
繼續營業單位稅前淨利
調整項目
不影響現金
折舊費用
攤銷費用

 

之收益費損項目:

  

減損利益數
衣過損益按公多價值衡量金融資產及負債之淨(利益)損失
利息費用
除列按攏銷後成本衡量金融資產淨利益
利息收入
股利收入
股份基礎給付酬勞成本
權益法認列之關聯企業及合資損
處分及報廢不動產、廠房及設備損失
處分無形資產損失(利益)
處分投資損失(利益)
處分採用權益法之投資利益
其他
與營業活動相關之資產/負債變動數
強制透過損益按公允價值衡量之金融資產
BRR
應收帳款
應收帳款一關係人
其他應收款
存貨
預付款項
其他流動資產
其他非流動資產-其他
合約負債
應付帳款
應付帳款一關係人
其他應付款
其他應付款一關係人
其他流動負債
淨確定福利負債
其他非流動負債一其他
營運產生之現金
收取之利息
收取之股利
支付之利息
(支付)退還之所得稅
營業活動之淨現金流入(出)
投資活動之現金流量
取得透過其他綜合寺

                                                                                                                                                                                                                    

 

                                                                           

按公允價值衡量之金融資產

處分透過其他綜合損益按公允價值衡量之金融資產

透過其他綜合損益按公多價值衡量之金融資產減資退回股款
取得按攤銷後成本衡量之金融資產

按攤銷後成本衡量之金融資產到期還本

取得採用權益法之投資

 

採用權益法之投資減資退回股款
處分子公司
取得不動產、廠房及設備
處分不動產、廠房及設備
存出保證金增加
取得無形資產
投資活動之淨現金流出
籌資活動之現金流量:
短期借款增加
存入保證金增加(減少)
租賃負債本金償還
員工執行認股權
取得子公司股權
非控制權益變動
鞋吹活動之淨現金流入
匯率變動對現金及約當現金之影響
本期現金及約當現金增加(減少)數
期初現金及約當現金餘額
期末現金及約當現金餘額

 

 

 

 

 

 

 

 

 

 

 

 

年第一李                                            一一號年第一李
$                                            37,970,104 | $                                            29,075,654
1,912,532                      1,172,810
1,296,930                      1,258,551
(1,096)                       (17,589)
(199,987)                      353,191
49,311                                                               39,599
(4,850)                                                                     -
(443,642)                                                          (426,406)
(717,894)                      (854,213)
1,240,009                       114,774
(143,675)                      879,856
6,507                                                                 1,562
530
4,090                     (8,429,982)
-                                                             (37,368)
a                                                              (1,020)
743,592                                                          1,244,268
(106,640)                       41,830
(5,250,515)                    (13,786,783)
(10,309)                       (45,344)
992,089                      (414,644)
(16,186,557)                    (20,379,399)
(419,705)                       (63,712)
(616,321)                      (286,508)
9,664,661                                                                       -
2,610,884                     (4,696,528)
6,968,249                                                          8,705,258
286,882                       545,106
(11,984,407)                     (3,331,990)
43                                                              91,027
2,432,044                      7,048,199
(8,085)                       (2,799)
106,539                                                              82.026
30,191,312                     (2,120,578)
296,186                       361,612
696,778                       274,512
(47,443)                                                            (38,807)
(401,347)                       73,422
30,735,486                     (449.839)
(791,625)                      (460,292)
360,700                                                            939,052
26,766                                                              37,092
(1,830,323)                     (1,995,702)
473,863                                                                5,547
(6,940)                                                          (872,937)
-                                                             217,072
25,738                                                              74,259
-                                                            (841,288)
(3,052,451)                     (1,696,245)
2.951                                                                   471
(144,154)                       (27,105)
(1,961,137)                     (2.037.966)
(6.896.612)                     (6,658,042)
18,798,310                      5,745,031
13,150                       (28,524)
(154,242)                      (182,530)
17,972                                                              44,319
(48,413)                                                                     -
583.919                                                                       -
19.210.696                      5578.296
3.678.734                                                              46.405
46,728,304                     (2,483,180)
183,704,504                     196,579,745
$s                                230,432,898 | _S                                194,096,565

 

 

 

 

 

 

(請參閱合併財務報表附註)

 

 
